0,0,0,0,0,0,1,0.3,0,1000
0,2,0,0,1,0,1,0.3,0,1000
0,4,0,0,2,0,1,0.3,0,1000
0,6,0,0,3,0,1,0.3,0,1000
0,8,0,0,4,0,1,0.3,0,1000
0,10,0,0,5,0,1,0.3,0,1000
0,12,0,0,6,0,1,0.3,0,1000
0,14,0,0,7,0,1,0.3,0,1000
0,16,0,0,8,0,1,0.3,0,1000
0,18,0,0,9,0,1,0.3,0,1000
0,20,0,0,10,0,1,0.3,0,1000
0,20,0,1.57,11,0,1,0.3,0,1000
3,20,0,1.57,12,0,1,0.3,0,1000
3,20,0,3.14,13,0,1,0.3,0,1000
3,18,0,3.14,14,0,1,0.3,0,1000
3,16,0,3.14,15,0,1,0.3,0,1000
3,14,0,3.14,16,0,1,0.3,0,1000
3,12,0,3.14,17,0,1,0.3,0,1000
3,10,0,3.14,18,0,1,0.3,0,1000
3,8,0,3.14,19,0,1,0,3,0,1000
3,6,0,3.14,20,0,1,0,3,0,1000
3,4,0,3.14,21,0,1,0,3,0,1000
3,2,0,3.14,22,0,1,0,3,0,1000
3,0,0,3.14,23,0,1,0,3,0,1000